% r= normrnd(0,1,[1,10])

% mean(r)
% std(r)
% skew=skewness(r)
r1 = [-0.8637    0.0774   -1.2141   -1.1135   -0.0068    1.5326   -0.7697    0.3714   -0.2256    1.1174];
r2 = [-0.3538   -0.8236   -1.5771    0.5080    0.2820    0.0335   -1.3337    1.1275    0.3502   -0.2991];
r3=[-1 -0.5 -0.3 -0.1 -0.05 0.05 0.1 0.3 0.5 1];
boxplot([r1' r2' r3'],'label',{'r1','r2','r3'});